❯ time python3 ucs_eight_puzzle.py
Solution
========
((7, 2, 4, 5, 0, 6, 8, 3, 1), 1, 1)
((7, 2, 4, 5, 3, 6, 8, 0, 1), 2, 1)
((7, 2, 4, 5, 3, 6, 8, 1, 0), 2, 2)
((7, 2, 4, 5, 3, 0, 8, 1, 6), 1, 2)
((7, 2, 4, 5, 0, 3, 8, 1, 6), 1, 1)
((7, 2, 4, 0, 5, 3, 8, 1, 6), 1, 0)
((0, 2, 4, 7, 5, 3, 8, 1, 6), 0, 0)
((2, 0, 4, 7, 5, 3, 8, 1, 6), 0, 1)
((2, 4, 0, 7, 5, 3, 8, 1, 6), 0, 2)
((2, 4, 3, 7, 5, 0, 8, 1, 6), 1, 2)
((2, 4, 3, 7, 0, 5, 8, 1, 6), 1, 1)
((2, 4, 3, 7, 1, 5, 8, 0, 6), 2, 1)
((2, 4, 3, 7, 1, 5, 0, 8, 6), 2, 0)
((2, 4, 3, 0, 1, 5, 7, 8, 6), 1, 0)
((2, 4, 3, 1, 0, 5, 7, 8, 6), 1, 1)
((2, 0, 3, 1, 4, 5, 7, 8, 6), 0, 1)
((0, 2, 3, 1, 4, 5, 7, 8, 6), 0, 0)
((1, 2, 3, 0, 4, 5, 7, 8, 6), 1, 0)
((1, 2, 3, 4, 0, 5, 7, 8, 6), 1, 1)
((1, 2, 3, 4, 5, 0, 7, 8, 6), 1, 2)
((1, 2, 3, 4, 5, 6, 7, 8, 0), 2, 2)
========
Path cost = 20
Number of Visited States = 48390
python3 ucs_eight_puzzle.py  47.37s user 0.11s system 99% cpu 47.483 total
